[gd_scene load_steps=16 format=3 uid="uid://cnowylkgdw6sk"]

[ext_resource type="PackedScene" uid="uid://drmg784i77783" path="res://Player/player.tscn" id="1_y1yha"]
<<<<<<< Updated upstream
[ext_resource type="PackedScene" uid="uid://cd673b277ll16" path="res://Levels/Objects/Ground.tscn" id="2_j4jy6"]
[ext_resource type="PackedScene" uid="uid://dxbt1piq2461c" path="res://Assets/Bokhum/npc/ggj_human_npc_model.tscn" id="3_h2c3i"]
[ext_resource type="Texture2D" uid="uid://bcrgqgwralfkd" path="res://Assets/paulb/sand.png" id="4_60khl"]
[ext_resource type="PackedScene" uid="uid://dqsbqnge121mu" path="res://Assets/Bokhum/InflatingCowTest/cow.tscn" id="4_mx3r1"]
=======
[ext_resource type="PackedScene" uid="uid://cd673b277ll16" path="res://Entities/StaticObjects/Ground.tscn" id="2_j4jy6"]
[ext_resource type="PackedScene" uid="uid://drkb4uqium116" path="res://Assets/paulb/Moon/Moon_Model.glb" id="3_17aia"]
[ext_resource type="PackedScene" uid="uid://dxbt1piq2461c" path="res://Assets/Bokhum/npc/ggj_human_npc_model.tscn" id="3_h2c3i"]
[ext_resource type="Texture2D" uid="uid://48vcfiv80gr1" path="res://Assets/paulb/Screenshot 2024-01-22 at 11.42.28 PM.png" id="4_4wm4b"]
[ext_resource type="PackedScene" uid="uid://dqsbqnge121mu" path="res://Entities/Cow/cow.tscn" id="4_mx3r1"]
>>>>>>> Stashed changes
[ext_resource type="PackedScene" uid="uid://cbhhlbppfcqxm" path="res://Assets/paulb/PicketFence/fence.glb" id="7_bhho8"]
[ext_resource type="PackedScene" uid="uid://lfexxak82lm0" path="res://Assets/paulb/bale.glb" id="8_ilx4d"]
[ext_resource type="Texture2D" uid="uid://t4exv12k3tfg" path="res://Assets/paulb/try_2.png" id="10_5fp6v"]

[sub_resource type="PanoramaSkyMaterial" id="PanoramaSkyMaterial_qwfdx"]
panorama = ExtResource("10_5fp6v")

[sub_resource type="Sky" id="Sky_utlqb"]
sky_material = SubResource("PanoramaSkyMaterial_qwfdx")
process_mode = 1
radiance_size = 6

[sub_resource type="Environment" id="Environment_4bi23"]
background_mode = 5
sky = SubResource("Sky_utlqb")
sky_custom_fov = 112.1
ambient_light_source = 1
ambient_light_color = Color(0.585062, 0.585062, 0.585062, 1)
ambient_light_energy = 1.77
tonemap_mode = 2
tonemap_exposure = 1.25
tonemap_white = 2.36
adjustment_brightness = 6.71
adjustment_contrast = 5.4

[sub_resource type="StandardMaterial3D" id="StandardMaterial3D_svngd"]
disable_ambient_light = true
disable_fog = true
vertex_color_use_as_albedo = true
vertex_color_is_srgb = true
albedo_color = Color(1, 0.85098, 0.631373, 1)
albedo_texture = ExtResource("4_4wm4b")
metallic_specular = 0.0
roughness = 0.0
refraction_scale = 0.44
texture_filter = 1
texture_repeat = false

[sub_resource type="StandardMaterial3D" id="StandardMaterial3D_byenp"]
albedo_color = Color(0.313726, 0.360784, 0.152941, 1)

[sub_resource type="StandardMaterial3D" id="StandardMaterial3D_noxn3"]
depth_draw_mode = 1
albedo_texture = ExtResource("10_5fp6v")
metallic_specular = 0.0
roughness = 0.0
rim_tint = 0.0
backlight = Color(0.826344, 0.345701, 0.275935, 1)
refraction_scale = 1.0

[node name="PBLevel3D" type="Node3D"]

[node name="PLAYER" parent="." instance=ExtResource("1_y1yha")]
transform = Transform3D(-0.947361, 0, 0.320167, 0, 1, 0, -0.320167, 0, -0.947361, 4.34573, 2.90483, -21.3165)

[node name="WorldEnvironment" type="WorldEnvironment" parent="."]
environment = SubResource("Environment_4bi23")

[node name="DirectionalLight3D" type="DirectionalLight3D" parent="WorldEnvironment"]
transform = Transform3D(-0.561732, -0.260727, -0.785161, -0.805492, -0.0442021, 0.590956, -0.188784, 0.9644, -0.185184, -36.466, 34.2615, -17.2187)
light_energy = 0.189
light_indirect_energy = 0.0
light_volumetric_fog_energy = 1.037
light_angular_distance = 90.0
shadow_enabled = true
shadow_bias = 1.51
shadow_normal_bias = 1.23
shadow_transmittance_bias = -4.58
shadow_blur = 3.58
directional_shadow_mode = 1
directional_shadow_split_1 = 0.002
directional_shadow_fade_start = 0.0
directional_shadow_max_distance = 14.3
directional_shadow_pancake_size = 36.0
sky_mode = 1

[node name="OmniLight3D" type="OmniLight3D" parent="WorldEnvironment"]
transform = Transform3D(0.207915, -0.954903, 0.21197, -0.805492, -0.0442021, 0.590956, -0.554936, -0.293609, -0.778357, -33.014, 19.7556, 11.9995)
light_energy = 8.128
light_indirect_energy = 1.43
light_volumetric_fog_energy = 0.0
light_size = 0.255
light_specular = 0.0
light_bake_mode = 0
shadow_bias = 0.491
shadow_normal_bias = 0.131
shadow_transmittance_bias = -14.501
shadow_blur = 10.0
omni_range = 80.582

[node name="OmniLight3D3" type="OmniLight3D" parent="WorldEnvironment"]
transform = Transform3D(0.207915, -0.954903, 0.21197, -0.805492, -0.0442021, 0.590956, -0.554936, -0.293609, -0.778357, 10.2395, 27.2545, -18.8709)
light_energy = 8.128
light_indirect_energy = 1.43
light_volumetric_fog_energy = 0.0
light_size = 0.255
light_specular = 0.0
light_bake_mode = 0
shadow_bias = 0.491
shadow_normal_bias = 0.131
shadow_transmittance_bias = -14.501
shadow_blur = 10.0
omni_range = 80.582

[node name="OmniLight3D2" type="OmniLight3D" parent="WorldEnvironment"]
transform = Transform3D(0.207915, -0.954903, 0.21197, -0.805492, -0.0442021, 0.590956, -0.554936, -0.293609, -0.778357, -28.3019, 1.70556, -5.1096)
light_energy = 1.718
light_indirect_energy = 0.0
light_volumetric_fog_energy = 0.0
light_size = 0.15
light_specular = 3.07
shadow_bias = 0.491
shadow_normal_bias = 0.131
shadow_transmittance_bias = -14.501
shadow_blur = 10.0
omni_range = 8.254

[node name="Camera3D" type="Camera3D" parent="WorldEnvironment"]
transform = Transform3D(-0.332194, 0, -0.943211, 0, 1, 0, 0.943211, 0, -0.332194, -26.8814, 0.493741, -6.9349)
fov = 62.0

[node name="Moon_Model" parent="WorldEnvironment" instance=ExtResource("3_17aia")]
transform = Transform3D(1.95869, -0.0715482, -1.3123e-07, 0.0715482, 1.95869, 6.66468e-08, 1.2871e-07, -7.13928e-08, 1.96, -7.58514, 20.4869, 11.9181)

[node name="cracked_ground" parent="." instance=ExtResource("2_j4jy6")]
transform = Transform3D(4.09103, 0, 0, 0, 0.174568, 0, 0, 0, -4.02462, -4.52512, -1.8196, 0.0175052)
surface_material_override/0 = SubResource("StandardMaterial3D_svngd")

[node name="GROUND2" parent="." instance=ExtResource("2_j4jy6")]
transform = Transform3D(1, 0, 0, 0, 1, 0, 0, 0, 1, -2.33535, 5.24077, 9.1092)
visible = false
surface_material_override/0 = SubResource("StandardMaterial3D_byenp")

[node name="GGJ_HumanNPC_Model" parent="." instance=ExtResource("3_h2c3i")]
transform = Transform3D(0.47567, 0, -0.879625, 0, 1, 0, 0.879624, 0, 0.47567, -22.3908, 0.550773, -8.51272)

[node name="COWS" type="Node3D" parent="."]
transform = Transform3D(0.989015, 0.0154503, -0.147, 3.46876e-16, 0.994522, 0.104528, 0.147809, -0.10338, 0.983598, -5.9, 10.075, -34.529)

[node name="Reexport_cowtest" parent="COWS" instance=ExtResource("4_mx3r1")]
transform = Transform3D(-0.0191836, -0.0181988, -0.799565, -0.0883275, 0.794951, -0.0159747, 0.79488, 0.0878961, -0.0210716, -6.98786, -13.5152, 30.5821)

[node name="Reexport_cowtest2" parent="COWS" instance=ExtResource("4_mx3r1")]
transform = Transform3D(0.277609, -0.0153159, -0.750134, -0.0831551, 0.794279, -0.0469912, 0.745669, 0.0942781, 0.274031, -4.05348, -13.4307, 30.3412)

[node name="Reexport_cowtest3" parent="COWS" instance=ExtResource("4_mx3r1")]
transform = Transform3D(0.277609, -0.0153159, -0.750134, -0.0831551, 0.794279, -0.0469912, 0.745669, 0.0942781, 0.274031, -9.89478, -13.8662, 33.0616)

[node name="Reexport_cowtest4" parent="COWS" instance=ExtResource("4_mx3r1")]
transform = Transform3D(0.277609, -0.0153159, -0.750134, -0.0831551, 0.794279, -0.0469912, 0.745669, 0.0942781, 0.274031, -3.12956, -13.6119, 32.0186)

[node name="Reexport_cowtest5" parent="COWS" instance=ExtResource("4_mx3r1")]
transform = Transform3D(0.277609, -0.0153159, -0.750134, -0.0831551, 0.794279, -0.0469912, 0.745669, 0.0942781, 0.274031, -8.2737, -14.0904, 35.2134)

[node name="Reexport_cowtest6" parent="COWS" instance=ExtResource("4_mx3r1")]
transform = Transform3D(0.277609, -0.0153159, -0.750134, -0.0831551, 0.794279, -0.0469912, 0.745669, 0.0942781, 0.274031, -2.3465, -13.8465, 34.122)

[node name="Reexport_cowtest7" parent="COWS" instance=ExtResource("4_mx3r1")]
transform = Transform3D(0.277609, -0.0153159, -0.750134, -0.0831551, 0.794279, -0.0469912, 0.745669, 0.0942781, 0.274031, -4.80519, -14.1653, 36.4086)

[node name="Reexport_cowtest8" parent="COWS" instance=ExtResource("4_mx3r1")]
transform = Transform3D(0.277609, -0.0153159, -0.750134, -0.0831551, 0.794279, -0.0469912, 0.745669, 0.0942781, 0.274031, -1.27863, -14.1664, 36.9902)

[node name="Reexport_cowtest9" parent="COWS" instance=ExtResource("4_mx3r1")]
transform = Transform3D(0.277609, -0.0153159, -0.750134, -0.0831551, 0.794279, -0.0469912, 0.745669, 0.0942781, 0.274031, -10.0014, -14.3959, 37.507)

[node name="Reexport_cowtest10" parent="COWS" instance=ExtResource("4_mx3r1")]
transform = Transform3D(0.277609, -0.0153159, -0.750134, -0.0831551, 0.794279, -0.0469912, 0.745669, 0.0942781, 0.274031, -0.640229, -13.6767, 32.9355)

[node name="Reexport_cowtest11" parent="COWS" instance=ExtResource("4_mx3r1")]
transform = Transform3D(0.277609, -0.0153159, -0.750134, -0.0831551, 0.794279, -0.0469912, 0.745669, 0.0942781, 0.274031, -5.82579, -13.8596, 33.6672)

[node name="Reexport_cowtest12" parent="COWS" instance=ExtResource("4_mx3r1")]
transform = Transform3D(0.277609, -0.0153159, -0.750134, -0.0831551, 0.794279, -0.0469912, 0.745669, 0.0942781, 0.274031, -1.00959, -13.4172, 30.722)

[node name="Reexport_cowtest13" parent="COWS" instance=ExtResource("4_mx3r1")]
transform = Transform3D(0.277609, -0.0153159, -0.750134, -0.0831551, 0.794279, -0.0469912, 0.745669, 0.0942781, 0.274031, -6.21441, -13.7432, 32.6233)

[node name="fence" parent="." instance=ExtResource("7_bhho8")]
transform = Transform3D(0.0424015, 0, -0.0264974, 0, 0.05, 0, 0.0264974, 0, 0.0424015, -12.1353, -1.7828, -14.4991)

[node name="fence2" parent="fence" instance=ExtResource("7_bhho8")]
transform = Transform3D(1, 0, 0, 0, 1, 0, 0, 0, 1, 245.829, 0, 0)

[node name="fence3" parent="fence" instance=ExtResource("7_bhho8")]
transform = Transform3D(1, 0, 0, 0, 1, 0, 0, 0, 1, 41.281, 0, 475.275)
visible = false

[node name="fence4" parent="fence" instance=ExtResource("7_bhho8")]
transform = Transform3D(1, 0, 0, 0, 1, 0, 0, 0, 1, 287.11, 0, 475.275)
visible = false

[node name="fence5" parent="fence" instance=ExtResource("7_bhho8")]
transform = Transform3D(0.0737255, 0, -0.997278, 0, 1, 0, 0.997279, 0, 0.0737255, 382.608, -4.16744, 658.67)
visible = false

[node name="fence6" parent="fence" instance=ExtResource("7_bhho8")]
transform = Transform3D(0.0737255, 0, -0.997278, 0, 1, 0, 0.997279, 0, 0.0737255, 400.732, -4.16744, 348.928)
visible = false

[node name="fence7" parent="fence" instance=ExtResource("7_bhho8")]
transform = Transform3D(0.0737255, 0, -0.997278, 0, 1, 0, 0.997279, 0, 0.0737255, -114.782, -4.16744, 99.7173)
visible = false

[node name="fence8" parent="fence" instance=ExtResource("7_bhho8")]
transform = Transform3D(0.0737255, 0, -0.997278, 0, 1, 0, 0.997279, 0, 0.0737255, -96.6577, -4.16744, 348.928)
visible = false

[node name="bales" type="Node3D" parent="."]
transform = Transform3D(0.07, 0, 0, 0, 0.07, 0, 0, 0, 0.07, 0.73437, 10.2905, -1.11434)

[node name="bale" parent="bales" instance=ExtResource("8_ilx4d")]
transform = Transform3D(0.322766, 0, -0.459264, 0, 0.455459, 0, 0.456315, 0, 0.324852, -293.34, -173.35, -127.227)

[node name="CSGSphere3D" type="CSGSphere3D" parent="."]
transform = Transform3D(-0.527668, 0, -0.849451, 0, 1, 0, 0.849451, 0, -0.527668, 0, 0, 0)
flip_faces = true
radius = 50.448
rings = 9
material = SubResource("StandardMaterial3D_noxn3")
